BJT hFE / Vce
Type:	BJT hFE / Vce
Trace:	Ib=40µA		Ib=32µA		Ib=24µA		Ib=16µA		Ib=8µA	
Tag:	Ib=40µA		Ib=32µA		Ib=24µA		Ib=16µA		Ib=8µA	
Colour:	Red		DarkRed		Green		Lime		Blue	
Point	Vce	hFE	Vce	hFE	Vce	hFE	Vce	hFE	Vce	hFE
0	0,00302106142044067	0	0,0024716854095459	0	0,00210559368133545	0	0,00146478414535522	0	0,000640809535980225	0
1	0,015196681022644	8,62541001270503	0,0184923410415649	10,6277700824987	0,0232526063919067	13,8807152642204	0,0292946696281433	20,3892650938671	0,0432097315788269	37,6751977951931
2	0,025816023349762	17,3443767169252	0,0293863415718079	21,5042799456633	0,0358858704566956	28,3044840319647	0,047146201133728	41,6642995641795	0,0661876201629639	79,7657611045263
3	0,0353366732597351	26,186748564157	0,0404632091522217	32,5506242485778	0,0474207401275635	42,9272648973922	0,0583148002624512	63,44835966855	0,0837645530700684	122,142535147953
4	0,0421110987663269	35,1831905068197	0,0474209189414978	43,7068037176306	0,0556599497795105	57,5956012785317	0,0693004131317139	85,3068297534436	0,100792109966278	164,428976876192
5	0,0468716621398926	44,0623940213995	0,0514488220214844	54,8436471690407	0,0590471029281616	72,3916402889715	0,0753424167633057	107,517129520201	0,123953223228455	206,039915276296
6	0,0509913563728333	53,1643097080626	0,0563924312591553	66,2056704500002	0,0681102275848389	87,5085864623428	0,0842224955558777	129,979660884351	0,169176995754242	243,757429418949
7	0,0555683970451355	61,974768330135	0,0626173615455627	77,1159226860244	0,0747016072273254	101,830747497242	0,0952994227409363	151,218361537278	0,351170778274536	253,599831037739
8	0,0622513890266418	70,8571626217918	0,0692089200019836	88,2564851445839	0,0816590189933777	116,699098385203	0,104728698730469	173,392313044296	0,585619926452637	254,417638555204
9	0,066004753112793	79,6891972476617	0,0754338502883911	99,2672077682779	0,0877925753593445	131,619852747594	0,116171956062317	194,939324812155	0,820069432258606	254,734361470067
10	0,0698494911193848	88,7437318239007	0,0786380767822266	110,279270986938	0,0938345789909363	146,148319335416	0,128805160522461	216,136971596252	1,0529625415802	255,452746481299
11	0,0729622840881348	97,4427586014467	0,0823914408683777	121,350284633246	0,0990526676177979	160,834407550161	0,152973234653473	236,528448823681	1,28713726997375	255,591000108807
12	0,0762577652931213	106,781649803538	0,084679901599884	132,875070659287	0,10655951499939	176,034690419313	0,210738897323608	254,199779898806	1,52616381645203	256,87630066279
13	0,0786380171775818	115,797460119197	0,0939261913299561	144,021423759864	0,113700211048126	190,660625443134	0,418914496898651	256,877072867611	1,76390886306763	256,931271989923
14	0,0863281488418579	124,721557556581	0,0971305370330811	155,218886992581	0,122488498687744	205,002881972876	0,646498143672943	257,674357679781	1,99753427505493	257,791085313858
15	0,0884333252906799	133,446006935812	0,101890742778778	166,210118107926	0,131917834281921	219,873652815725	0,876187026500702	258,249904243134	2,23436379432678	257,952081909802
16	0,0925531387329102	142,73010186013	0,107932567596436	177,313097790561	0,146748423576355	233,949304238401	1,10624247789383	258,878442070721	2,47458076477051	258,698261353477
17	0,096764087677002	151,197516509366	0,113059401512146	188,457428037364	0,174578070640564	247,368692097423	1,33602267503738	259,340769297753	2,71644568443298	258,64953251559
18	0,097313404083252	159,926105567616	0,120474696159363	198,908711571566	0,265575170516968	256,587640746697	1,56159204244614	259,650011525217	2,9536406993866	259,275763558218
19	0,105461120605469	169,021556936163	0,12624192237854	209,901177899332	0,465328335762024	257,889187164735	1,7923795580864	260,156339781016	3,19578075408936	259,3289269464
20	0,109031438827515	177,56153910785	0,135854363441467	221,004778980722	0,696482062339783	258,593706063342	2,02161085605621	260,701876149636	3,43526458740234	259,750067184927
21	0,113425374031067	186,564659993418	0,146016001701355	231,546394202624	0,914178371429443	258,870610747848	2,26155292987823	260,972682239672	3,6727357506752	259,983265460306
22	0,118460416793823	195,333444910299	0,162951946258545	242,166909476567	1,13956487178802	259,621251109627	2,50707972049713	261,473267175509	3,91212803125381	260,462561317645
23	0,124411106109619	204,125140737076	0,196183204650879	251,720312758555	1,36504280567169	260,179334534106	2,75040853023529	261,872618151115	4,15142869949341	260,507724241709
24	0,133382678031921	213,049265993441	0,329291105270386	256,646453514699	1,59171092510223	260,533747332915	2,99154126644135	262,056341452169	4,39146333932877	261,19709143014
25	0,136678218841553	221,562718491984	0,544058084487915	257,571006207331	1,81737172603607	260,94396003883	3,23157489299774	262,654707705678	4,62875032424927	261,332497132927
26	0,145832896232605	230,332709154202	0,758275628089905	258,296026791685	2,05365192890167	261,771039109389	3,47334754467011	262,893200492356	4,8700652718544	261,699214433762
27	0,157917022705078	239,01670207958	0,980366587638855	258,76307254335	2,30165040493011	262,08590006659	3,71136796474457	263,244879539308	5,11046558618546	261,60239466377
28	0,178514838218689	246,994093189929	1,19934451580048	259,446190020433	2,54388058185577	262,591664150202	3,94993627071381	263,409026814518	5,34820991754532	262,041563374713
29	0,222456812858582	254,13875798953	1,41154813766479	260,069784698981	2,78675293922424	262,900614924729	4,18978726863861	263,822353581091	5,58824497461319	262,206577154382
30	0,386690616607666	256,595384947999	1,63254070281982	260,52880805903	3,02458941936493	263,192677784045	4,42304599285126	264,137168071025	5,82287698984146	262,380368143843
31	0,597887277603149	257,43708856896	1,86488449573517	261,040202399989	3,2628835439682	263,501498252168	4,66088342666626	264,47219953582	6,06254535913467	262,394151690527
32	0,803591132164001	257,959777675713	2,10748112201691	261,566552996266	3,49907243251801	264,041409297093	4,89322662353516	264,900262890214	6,2977266907692	263,156093559362
33	1,02769577503204	258,698246383933	2,35465562343597	262,126654765574	3,73883104324341	264,415214786995	5,13344287872314	265,51136913919	6,54068857431412	263,889617349515
34	1,23394882678986	259,364002658014	2,60421001911163	262,734135068612	3,98325967788696	264,849817217796	5,37924534082413	265,855764627519	6,78310352563858	263,849487272889
35	1,46501076221466	260,032516654125	2,83984959125519	263,187814417436	4,22137022018433	265,444740472939	5,61598306894302	266,16001108917	7,02093988656998	264,078265316631
36	1,69415056705475	260,415613749897	3,07924234867096	263,630984668064	4,45783340930939	265,863279566667	5,85180622339249	266,534191655013	7,26088047027588	264,10016296518
37	1,9346421957016	261,019970775474	3,30975472927094	264,180935950745	4,67937481403351	266,286170544523	6,08268457651138	266,865712464388	7,49221807718277	264,583240524026
38	2,17330300807953	261,545757445434	3,5478663444519	264,473943808509	4,9205995798111	266,609063763504	6,32161957025528	267,117791396051	7,73060518503189	264,857890662852
39	2,41049873828888	262,117942945129	3,78057622909546	265,136297823716	5,14891445636749	266,996183043153	6,55432897806168	267,659225042517	7,96514612436295	265,641842222397
40	2,65135610103607	262,584258384825	4,01713132858276	265,416688725455	5,38784897327423	267,304203810211	6,78987842798233	268,034216936064	8,20307260751724	265,572436591178
41	2,89276349544525	263,19954725869	4,24691104888916	266,037472231999	5,62486290931702	267,737150013218	7,02826410531998	268,459644928096	8,44045275449753	266,069115570764
42	3,1122899055481	263,893498249511	4,47385406494141	266,53503969162	5,85263025760651	268,070379749583	7,25657850503922	268,607919223935	8,66821962594986	266,046569340452
43	3,34500086307526	264,329408125888	4,70354378223419	266,922300421008	6,08021283149719	268,350555006899	7,48709207773209	269,136201615729	8,90138536691666	266,378746649482
44	3,57267534732819	264,7903093595	4,92847168445587	267,176889178877	6,30816256999969	268,856537720594	7,7130281329155	269,336127229994	9,12778002023697	266,457191349591
45	3,80694162845612	265,330606269232	5,16365396976471	267,699806115504	6,5419704914093	269,286063818681	7,9459211230278	269,972140404281	9,365982234478	266,80340880896
46	4,03434145450592	265,615962071137	5,38958895206451	268,145586993256	6,76937091350555	269,579426125588	8,17148894071579	269,801051433539	9,60208052396774	266,931689718652
47	4,25926995277405	266,12921702943	5,62193310260773	268,494905549593	7,00437104701996	269,984009941086	8,40401583909988	270,295017889768	9,84678190946579	267,539359917611
48	4,49912142753601	266,744983618105	5,85537588596344	268,859753916776	7,23652970790863	270,518968216385	8,6337970495224	270,705622256416	10,08892172575	268,033311619227
49	4,72423219680786	267,22664369279	6,08332598209381	269,476406143176	7,45651590824127	270,979166098484	8,85927516222	270,886417719053	10,3293221592903	267,815973158533
50	4,95035183429718	267,655680008816	6,30395150184631	269,836166355962	7,69325315952301	271,443501429428	9,08676850795746	271,148298178321	10,5678895711899	267,837809492976
