BJT hFE / Ic
Type:	BJT hFE / Ic
Trace:	Vce=2,0V		Vce=4,0V		Vce=6,0V		Vce=8,0V		Vce=10,0V	
Tag:	Vce=2,0V		Vce=4,0V		Vce=6,0V		Vce=8,0V		Vce=10,0V	
Colour:	Red		DarkRed		Green		Lime		Blue	
Point	Ic (mA)	hFE	Ic (mA)	hFE	Ic (mA)	hFE	Ic (mA)	hFE	Ic (mA)	hFE
0	2,05611991882324	256,941950464305	2,08485674858093	260,564838266579	2,11701726913452	264,493843940023	2,1516273021698	268,844165196593	2,17726111412048	271,960791331759
1	2,47521495819092	257,663106292282	2,51015472412109	261,523580718141	2,55113124847412	265,517188940171	2,5934157371521	269,901620112254	2,61937475204468	272,664208867967
2	2,89202165603638	258,194184932598	2,94034647941589	262,508539079622	2,99063062667847	266,807019503641	3,03275370597839	270,517083841924		
3	3,31487107276917	258,958399656662	3,3661367893219	262,883045062574	3,42050361633301	267,259379326046	3,48351883888245	272,029405405034		
4	3,73657727241516	259,413648372641	3,79404473304749	263,374777856723	3,8629412651062	268,150160538442	3,92171549797058	272,252187736188		
5	4,15860795974731	259,813755694888	4,22636318206787	264,091965353442	4,29868507385254	268,542285427992	4,37035846710205	273,036440023379		
6	4,58521318435669	259,825561492944	4,65133333206177	264,217982579182	4,73541307449341	268,920601186775	4,82194328308105	273,090596112601		
7	5,02618312835693	261,406157685158	5,09164953231812	265,491516011424	5,1954870223999	270,493101300537	5,28691530227661	274,834418198106		
8	5,43825626373291	261,377072696625	5,51825666427612	265,143590462254	5,61425399780273	270,176012060833	5,721351146698	274,963116838052		
9	5,86191892623901	261,384521601132	5,94926643371582	265,534693185894	6,06485319137573	270,451916897837				
10	6,28150367736816	261,170978573699	6,38256120681763	265,849393472113	6,51398754119873	271,045507480675				
11	6,69929170608521	261,243653598405	6,82092380523682	265,922935511204	6,9450044631958	271,085962100651				
12	7,11560773849487	261,520016534664	7,26581144332886	266,723469577436	7,39887285232544	271,884748552529				
13	7,53601026535034	261,390616918127	7,68588256835938	266,902745339802	7,83543062210083	271,950524257616				
14	7,9555926322937	261,459611078927	8,12913799285889	267,014564166109	8,29321575164795	272,307487095293				
15	8,36668682098389	261,457958799921	8,5573787689209	267,108510112168	8,73402309417725	272,63534562562				
16	8,78969955444336	261,307932983317	8,9852876663208	267,147030441136						
17	9,22397518157959	261,742537509495	9,41694831848145	267,428756687698						
18	9,63621044158936	261,573871765248	9,85726642608643	267,59680358559						
19	10,0538368225098	261,832367695275	10,2998723983765	267,820891811063						
20	10,4823980331421	261,749085600109	10,7271280288696	267,941205527235						
