BJT Ic / Ib
Type:	BJT Ic / Ib
Trace:	Vce=2,0V		Vce=4,0V		Vce=6,0V		Vce=8,0V		Vce=10,0V	
Tag:	Vce=2,0V		Vce=4,0V		Vce=6,0V		Vce=8,0V		Vce=10,0V	
Colour:	Red		DarkRed		Green		Lime		Blue	
Point	Ib (µA)	Ic (mA)	Ib (µA)	Ic (mA)	Ib (µA)	Ic (mA)	Ib (µA)	Ic (mA)	Ib (µA)	Ic (mA)
0	8,00246946700106	2,06167125701904	8,00227411330748	2,08616280555725	8,00403229654972	2,11669087409973	8,00500906501763	2,15163064002991	8,00481345695726	2,17742443084717
1	9,60581430336699	2,48190855979919	9,60737713291565	2,51407313346863	9,60776784030281	2,55260062217712	9,60854925507714	2,59586501121521	9,60796319399639	2,61317205429077
2	11,2032998007594	2,90067577362061	11,2009555564364	2,94459176063538	11,2027137396786	2,99079895019531	11,203495154453	3,03618240356445		
3	12,8015674760265	3,32221841812134	12,8062562190393	3,37119746208191	12,806451318366	3,42311596870422	12,8000046464778	3,4827024936676		
4	14,4054976103728	3,74571990966797	14,4056929640664	3,80073881149292	14,4043254882113	3,86457395553589	14,4041301345177	3,92449116706848		
5	16,0076743944459	4,1684045791626	16,0027908064731	4,23387336730957	16,008456063587	4,29983139038086	15,9996651473758	4,36954212188721		
6	17,6026109808974	4,58260154724121	17,6026109808974	4,65557813644409	17,6580611819836	4,74765872955322	17,5979901308069	4,80888319015503		
7	19,1951396329713	5,0245509147644	19,1920590662442	5,09556913375854	19,2090021832428	5,19189643859863	19,2336487226362	5,28560876846313		
8	20,8154134413612	5,44854211807251	20,8385176918138	5,53474521636963	20,84928363074	5,64119243621826	20,7907648963905	5,71841049194336		
9	22,4264194770653	5,8699197769165	22,4402880440687	5,97016382217407	22,4295060605242	6,07007789611816				
10	24,043610713151	6,29325866699219	24,0420644130556	6,39937925338745	24,028201862784	6,51627349853516				
11	25,6007168590188	6,70108795166016	25,6361393652248	6,82190418243408	25,6053336979547	6,94565391540527				
12	27,2055737947326	7,12507772445679	27,2194303282723	7,26009654998779	27,2702616848453	7,42385101318359				
13	28,8473915144387	7,55902862548828	28,8396941087757	7,69551610946655	28,8504780978976	7,85224771499634				
14	30,3921894324395	7,9521632194519	30,4491698890028	8,12815856933594	30,4460933334304	8,29582977294922				
15	32,0278540410008	8,38791084289551	32,0478697024172	8,55493068695068	32,0324688743594	8,7387580871582				
16	33,6142195540433	8,80063724517822	33,6311606654646	8,98251056671143						
17	35,2283201955155	9,23605728149414	35,2914778301512	9,4306640625						
18	36,837806003629	9,64747619628906	36,8208648922077	9,85465335845947						
19	38,4041518441006	10,062162399292	38,4611423285503	10,2975873947144						
20	39,9797494126396	10,476357460022	40,035193596994	10,7263116836548						
