BJT Ic / Vce
Type:	BJT Ic / Vce
Trace:	Ib=40µA		Ib=32µA		Ib=24µA		Ib=16µA		Ib=8µA	
Tag:	Ib=40µA		Ib=32µA		Ib=24µA		Ib=16µA		Ib=8µA	
Colour:	Red		DarkRed		Green		Lime		Blue	
Point	Vce	Ic (mA)	Vce	Ic (mA)	Vce	Ic (mA)	Vce	Ic (mA)	Vce	Ic (mA)
0	0,00256341695785522	0	0,00228869915008545	0	0,00210559368133545	0	0,00109857320785522	0	0,00109857320785522	0
1	0,0155628323554993	0,345788776874542	0,0188584327697754	0,340238094329834	0,0228864550590515	0,334033906459808	0,0292030572891235	0,326687216758728	0,0427519083023071	0,301218271255493
2	0,025724470615387	0,695006191730499	0,0293863415718079	0,690271556377411	0,0362523198127747	0,67998605966568	0,0469631552696228	0,666761815547943	0,0660045146942139	0,638027608394623
3	0,0351535677909851	1,04830503463745	0,0411041975021362	1,04210102558136	0,0474207401275635	1,03344821929932	0,0584979057312012	1,01418316364288	0,0838561058044434	0,976959526538849
4	0,0417449474334717	1,40878736972809	0,0474209189414978	1,40095055103302	0,0555683970451355	1,38625764846802	0,0690258145332336	1,36519658565521	0,100975215435028	1,31589126586914
5	0,0470547676086426	1,76453506946564	0,0511741638183594	1,75588285923004	0,0592303276062012	1,74200522899628	0,0755255222320557	1,71898531913757	0,12404477596283	1,65090560913086
6	0,0500757694244385	2,1287727355957	0,0567585229873657	2,12126302719116	0,0680186748504639	2,10575270652771	0,0841309428215027	2,08028388023376	0,168078541755676	1,95244979858398
7	0,0551106333732605	2,48288798332214	0,0619768500328064	2,46933770179749	0,0752508044242859	2,4500720500946	0,095207691192627	2,42003226280212	0,344579458236694	2,03832602500916
8	0,0616105198860168	2,84124827384949	0,0694835782051086	2,82818746566772	0,0825744271278381	2,80859565734863	0,104087829589844	2,7748007774353	0,581958055496216	2,04306054115295
9	0,066096305847168	3,19552731513977	0,0748845934867859	3,18311929702759	0,0877009630203247	3,16238474845886	0,116446495056152	3,12238574028015	0,816316366195679	2,04583668708801
10	0,0696663856506348	3,55535554885864	0,0780887603759766	3,5347855091095	0,0942007899284363	3,5129075050354	0,129354476928711	3,45739912986755	1,04838538169861	2,05334496498108
11	0,07296222448349	3,90538930892944	0,0827575325965881	3,8893895149231	0,0991442203521729	3,86587977409363	0,151966154575348	3,78669762611389	1,28109526634216	2,0526921749115
12	0,0749760270118713	4,27599430084229	0,0854124426841736	4,25705575942993	0,106468081474304	4,22897481918335	0,207168817520142	4,07224369049072	1,52021360397339	2,06297826766968
13	0,0786378383636475	4,63615083694458	0,0933771133422852	4,61525344848633	0,113608658313751	4,58374452590942	0,413147389888763	4,12187576293945	1,75695109367371	2,06771421432495
14	0,0852296352386475	4,99091768264771	0,0969473719596863	4,97148990631104	0,12331235408783	4,93361330032349	0,638258755207062	4,13558864593506	1,99185872077942	2,07277345657349
15	0,0881587862968445	5,35091018676758	0,102531552314758	5,32952404022217	0,132375597953796	5,28266668319702	0,87032812833786	4,1447319984436	2,22914576530457	2,07244563102722
16	0,0934684276580811	5,70829153060913	0,10729193687439	5,68249607086182	0,14720618724823	5,6196403503418	1,09891849756241	4,15289497375488	2,46954542398453	2,07816123962402
17	0,0962148904800415	6,0597939491272	0,112510085105896	6,03497838973999	0,174852848052979	5,94404125213623	1,32833296060562	4,16024112701416	2,71067810058594	2,08060932159424
18	0,098503589630127	6,41113376617432	0,120200037956238	6,38191080093384	0,260173797607422	6,16901683807373	1,55445140600204	4,16840410232544	2,94897246360779	2,08256959915161
19	0,105918884277344	6,76541185379028	0,12660813331604	6,72802448272705	0,474208235740662	6,19203519821167	1,78276789188385	4,17656707763672	3,18983036279678	2,08175182342529
20	0,109214544296265	7,11903953552246	0,135305047035217	7,07822322845459	0,684306263923645	6,22795534133911	2,0125480890274	4,18407821655273	3,42839866876602	2,08714246749878
21	0,113700032234192	7,47135782241821	0,146199107170105	7,41927671432495	0,912988424301147	6,22860717773438	2,25102531909943	4,18995571136475	3,66696786880493	2,08779382705688
22	0,118551850318909	7,82106351852417	0,161303997039795	7,75543212890625	1,13343143463135	6,25423812866211	2,49627721309662	4,19681167602539	3,9069100022316	2,09416079521179
23	0,124502897262573	8,17207813262939	0,195725440979004	8,06661033630371	1,35698688030243	6,2643609046936	2,73951494693756	4,20187425613403	4,1452956199646	2,09285545349121
24	0,134298205375671	8,53125476837158	0,330023527145386	8,21828079223633	1,58475339412689	6,27399301528931	2,98046457767487	4,20954513549805	4,38597065210342	2,09873247146606
25	0,136586785316467	8,87116622924805	0,545706033706665	8,23803615570068	1,81746327877045	6,27481269836426	3,2205890417099	4,21477174758911	4,62298256158829	2,09857177734375
26	0,146748423576355	9,22185134887695	0,75836718082428	8,26970863342285	2,05154645442963	6,29799270629883	3,46309506893158	4,21966743469238	4,86429888010025	2,10297584533691
27	0,158100128173828	9,56649780273438	0,973042607307434	8,29631900787354	2,29991114139557	6,30436038970947	3,70312881469727	4,22799634933472	5,10524755716324	2,10444688796997
28	0,181535720825195	9,88926696777344	1,19787967205048	8,30366706848145	2,53344488143921	6,32689094543457	3,93950033187866	4,23387336730957	5,34244257211685	2,10705852508545
29	0,227308630943298	10,1751384735107	1,40248489379883	8,34285068511963	2,7754932641983	6,33456468582153	4,17962598800659	4,24219942092896	5,58192783594131	2,10722255706787
30	0,402802586555481	10,2559547424316	1,62366032600403	8,35427951812744	3,01250505447388	6,3432183265686	4,41352510452271	4,24236440658569	5,81701761484146	2,10885715484619
31	0,610520482063293	10,2843608856201	1,8614057302475	8,37321758270264	3,25025081634521	6,35268640518188	4,64797550439835	4,25166940689087	6,0551295876503	2,11130452156067
32	0,814942598342896	10,3168487548828	2,10482621192932	8,38578510284424	3,48662185668945	6,36248064041138	4,88379716873169	4,25395345687866	6,2900362610817	2,1153838634491
33	1,03282237052917	10,3415040969849	2,35090219974518	8,40358448028564	3,72610628604889	6,37129974365234	5,12364917993546	4,26374816894531	6,5325408577919	2,12011957168579
34	1,25097644329071	10,3638696670532	2,59963238239288	8,41909313201904	3,96852076053619	6,38582754135132	5,36587911844254	4,2694616317749	6,77669483423233	2,12338256835938
35	1,47398269176483	10,3877038955688	2,83389890193939	8,44782638549805	4,20653975009918	6,39350080490112	5,60078531503677	4,28056335449219	7,01590448617935	2,12615895271301
36	1,70412921905518	10,4179105758667	3,07265055179596	8,46007251739502	4,44428598880768	6,4011754989624	5,84081989526749	4,28252553939819	7,25227648019791	2,12648820877075
37	1,94196617603302	10,4396228790283	3,30453717708588	8,47574520111084	4,66610062122345	6,42501258850098	6,06867748498917	4,29199457168579	7,48471170663834	2,13416194915771
38	2,18758404254913	10,4557857513428	3,54072570800781	8,48847961425781	4,90201532840729	6,43366432189941	6,30742985010147	4,29623937606812	7,72447115182877	2,1322009563446
39	2,42569553852081	10,4797859191895	3,7727952003479	8,50545787811279	5,1339008808136	6,44361972808838	6,53885751962662	4,30391263961792	7,95754820108414	2,13481497764587
40	2,65666568279266	10,5078678131104	4,00861740112305	8,51852226257324	5,37009024620056	6,45080804824829	6,77724415063858	4,31403636932373	8,19501692056656	2,13400030136108
41	2,89633309841156	10,5307235717773	4,24389028549194	8,5322322845459	5,60536313056946	6,46076631546021	7,01398187875748	4,31778764724731	8,43404406309128	2,13775062561035
42	3,1238249540329	10,555212020874	4,47138261795044	8,54219245910645	5,83477759361267	6,46762180328369	7,24101740121841	4,32203435897827	8,66236037015915	2,13595294952393
43	3,35497951507568	10,5699062347412	4,68935358524323	8,56929397583008	6,06437563896179	6,47757911682129	7,4705211520195	4,32676935195923	8,89406305551529	2,14150929450989
44	3,5726752281189	10,600438117981	4,9158388376236	8,58154106140137	6,29150140285492	6,48672676086426	7,69718950986862	4,33036279678345	9,11889940500259	2,14265394210815
45	3,80767405033112	10,6214962005615	5,14900600910187	8,59704780578613	6,52439391613007	6,49798679351807	7,9307245016098	4,33966255187988	9,35920828580856	2,14640402793884
46	4,03360998630524	10,6402721405029	5,3762241601944	8,609130859375	6,75078737735748	6,50794887542725	8,15693509578705	4,34472942352295	9,59420710802078	2,14868998527527
47	4,26457989215851	10,6570901870728	5,60756051540375	8,6236629486084	6,98102533817291	6,5180721282959	8,38982713222504	4,34897470474243	9,83735400438309	2,15195894241333
48	4,49427020549774	10,6770048141479	5,84713733196259	8,62398529052734	7,21437704563141	6,52770185470581	8,61704385280609	4,35370588302612	10,0797665715218	2,15146565437317
49	4,72029578685761	10,7052478790283	6,06721317768097	8,65174198150635	7,44443094730377	6,53717184066772	8,84297978878021	4,35811281204224	10,3221810460091	2,15570902824402
50	4,94458401203156	10,7238616943359	6,28674113750458	8,67541408538818	7,66542398929596	6,5543155670166	9,07212018966675	4,36235952377319	10,5597451329231	2,1519570350647
