BJT Ic / Vbe
Type:	BJT Ic / Vbe
Trace:	Vce=0,00V		Vce=3,00V		Vce=6,00V		Vce=9,00V		Vce=12,00V	
Tag:	Vce=0,00V		Vce=3,00V		Vce=6,00V		Vce=9,00V		Vce=12,00V	
Colour:	Red		DarkRed		Green		Lime		Blue	
Point	Vbe	Ic (mA)	Vbe	Ic (mA)	Vbe	Ic (mA)	Vbe	Ic (mA)	Vbe	Ic (mA)
0	0	0,000489715486764908	0	-0,000652245304081589	0	-0,00163273920770735	0	-0,00212256098166108	0	-0,00179601320996881
1	0,0149999996647239	0,00016316762776114	0,0149999996647239	0,00163188891019672	0,0149999996647239	-0,000326547859003767	0,0149999996647239	0,000326547859003767	0,0149999996647239	0,000653095718007535
2	0,0299999993294477	0,000326654146192595	0,0299999993294477	-0,000488971418235451	0,0299999993294477	-0,00130619143601507	0,0299999993294477	-0,000163273929501884	0,0299999993294477	0,000489821773953736
3	0,0450000017881393	-0,000163273929501884	0,0450000017881393	-0,000652245304081589	0,0450000017881393	-0,000326547859003767	0,0450000017881393	0,000163273929501884	0,0450000017881393	-0,00146946532186121
4	0,0599999986588955	0,000326547859003767	0,0599999986588955	0,00212171068415046	0,0599999986588955	-0,002449108986184	0,0599999986588955	-0,000489821773953736	0,0599999986588955	0,000816369603853673
5	0,0750000029802322	-0,00016316762776114	0,0750000029802322	-0,00065394607372582	0,0750000029802322	0,00163273920770735	0,0750000029802322	0,00130619143601507	0,0750000029802322	-0,000326547859003767
6	0,0900000035762787	-0,000489821773953736	0,0900000035762787	0,000327398243825883	0,0900000035762787	-0,000326547859003767	0,0900000035762787	-0,000979643547907472	0,0900000035762787	0
7	0,104999996721745	-0,000489715486764908	0,104999996721745	0,00114206713624299	0,104999996721745	-0,000326547859003767	0,104999996721745	0,00179601320996881	0,104999996721745	-0,00179601320996881
8	0,119999997317791	0,000163273929501884	0,119999997317791	0,000816369603853673	0,119999997317791	-0,00114291743375361	0,119999997317791	0,000816369603853673	0,119999997317791	0,000653095718007535
9	0,135000005364418	1,06298131186122E-07	0,135000005364418	-0,000489821773953736	0,135000005364418	-0,00146946532186121	0,135000005364418	-0,00114291743375361	0,135000005364418	-0,00277565675787628
10	0,150000005960464	-0,000326441542711109	0,150000005960464	-0,000163273929501884	0,150000005960464	-0,00195928709581494	0,150000005960464	0,000163273929501884	0,150000005960464	0,00212256098166108
11	0,165000006556511	-0,000163273929501884	0,165000006556511	0	0,165000006556511	0,000816369603853673	0,165000006556511	0,00146946532186121	0,165000006556511	0,000326547859003767
12	0,180000007152557	-0,000489715486764908	0,180000007152557	0,000163273929501884	0,180000007152557	-0,00114291743375361	0,180000007152557	-0,000816369603853673	0,180000007152557	0,000489821773953736
13	0,194999992847443	0	0,194999992847443	0,000326547859003767	0,194999992847443	-0,000326547859003767	0,194999992847443	0,000979643547907472	0,194999992847443	0
14	0,209999993443489	0,000326441542711109	0,209999993443489	-0,00195843679830432	0,209999993443489	-0,00195928709581494	0,209999993443489	-0,00130619143601507	0,209999993443489	0,000816369603853673
15	0,224999994039536	-0,000163273929501884	0,224999994039536	-0,000815519248135388	0,224999994039536	-0,00130619143601507	0,224999994039536	-0,000653095718007535	0,224999994039536	-0,00163273920770735
16	0,239999994635582	-0,000653095718007535	0,239999994635582	-0,000978793133981526	0,239999994635582	-0,000163273929501884	0,239999994635582	0,000163273929501884	0,239999994635582	-0,00163273920770735
17	0,254999995231628	1,06298131186122E-07	0,254999995231628	0,000163273929501884	0,254999995231628	0,00212256098166108	0,254999995231628	-0,000163273929501884	0,254999995231628	0,00114291743375361
18	0,270000010728836	0	0,270000010728836	0,00065394607372582	0,270000010728836	0,000163273929501884	0,270000010728836	-0,00228583486750722	0,270000010728836	-0,00130619143601507
19	0,284999996423721	0,000163273929501884	0,284999996423721	-0,000326547859003767	0,284999996423721	0,000653095718007535	0,284999996423721	-0,00277565675787628	0,284999996423721	0,000653095718007535
20	0,300000011920929	-0,000489821773953736	0,300000011920929	-0,000325697474181652	0,300000011920929	-0,000163273929501884	0,300000011920929	-0,00114291743375361	0,300000011920929	-0,00130619143601507
21	0,314999997615814	0,000163273929501884	0,314999997615814	-0,000326547859003767	0,314999997615814	-0,000326547859003767	0,314999997615814	-0,00130619143601507	0,314999997615814	0,000326547859003767
22	0,330000013113022	-0,000816263316664845	0,330000013113022	0,00032697303686291	0,330000013113022	0,000163273929501884	0,330000013113022	0,000163273929501884	0,330000013113022	0,000653095718007535
23	0,344999998807907	-0,000489715486764908	0,344999998807907	-0,000816369603853673	0,344999998807907	0,000489821773953736	0,344999998807907	0,000653095718007535	0,344999998807907	-0,000816369603853673
24	0,360000014305115	0	0,360000014305115	-0,00195843679830432	0,360000014305115	-0,000489821773953736	0,360000014305115	-0,000489821773953736	0,360000014305115	0
25	0,375	0,000163273929501884	0,375	-0,000653095718007535	0,375	0,00130619143601507	0,375	-0,000326547859003767	0,375	-0,000163273929501884
26	0,389999985694885	0	0,389999985694885	-0,00146861490793526	0,389999985694885	-0,000489821773953736	0,389999985694885	0,00146946532186121	0,389999985694885	0,00195928709581494
27	0,405000001192093	0,000653095718007535	0,405000001192093	0,000651820097118616	0,405000001192093	0,00130619143601507	0,405000001192093	0,000653095718007535	0,405000001192093	0,000163273929501884
28	0,419999986886978	-0,000816263316664845	0,419999986886978	0,00130619143601507	0,419999986886978	0,00195928709581494	0,419999986886978	0,00163273920770735	0,419999986886978	0,000489821773953736
29	0,435000002384186	0	0,435000002384186	0,00130534102208912	0,435000002384186	0,000326547859003767	0,435000002384186	0,00114291743375361	0,435000002384186	0,00195928709581494
30	0,449999988079071	-0,000489821773953736	0,449999988079071	0,00473494362086058	0,449999988079071	0,00212256098166108	0,449999988079071	0,00293893064372242	0,449999988079071	0,00163273920770735
31	0,465000003576279	-0,000489821773953736	0,465000003576279	0,00342875253409147	0,465000003576279	0,00310220452956855	0,465000003576279	0,00457166973501444	0,465000003576279	0,00261238287203014
32	0,479999989271164	0	0,479999989271164	0,00604113517329097	0,479999989271164	0,00522476574406028	0,479999989271164	0,00669423071667552	0,479999989271164	0,00326547841541469
33	0,495000004768372	-0,00114281114656478	0,495000004768372	0,0101225581020117	0,495000004768372	0,0104495314881206	0,495000004768372	0,0112659009173512	0,495000004768372	0,0125720920041203
34	0,509999990463257	0	0,509999990463257	0,0184491034597158	0,509999990463257	0,0181191544979811	0,509999990463257	0,0177934560924768	0,509999990463257	0,0202459674328566
35	0,524999976158142	-0,000326441542711109	0,524999976158142	0,0305309481918812	0,524999976158142	0,0323239862918854	0,524999976158142	0,0316751413047314	0,524999976158142	0,036406684666872
36	0,540000021457672	-0,000652989430818707	0,540000021457672	0,0493053235113621	0,540000021457672	0,0494660474359989	0,540000021457672	0,0497951470315456	0,540000021457672	0,0527289733290672
37	0,555000007152557	-0,000652989430818707	0,555000007152557	0,0948553457856178	0,555000007152557	0,0968188866972923	0,555000007152557	0,0955084413290024	0,555000007152557	0,0997501611709595
38	0,569999992847443	-0,000652989430818707	0,569999992847443	0,175669565796852	0,569999992847443	0,177954971790314	0,569999992847443	0,17730188369751	0,569999992847443	0,180077537894249
39	0,584999978542328	-0,00375508773140609	0,584999978542328	0,319992244243622	0,584999978542328	0,326851427555084	0,584999978542328	0,278365045785904	0,584999978542328	0,330934137105942
40	0,600000023841858	-0,00571426842361689	0,600000023841858	0,564560413360596	0,600000023841858	0,558029472827911	0,600000023841858	0,572724103927612	0,600000023841858	0,575664758682251
41	0,615000009536743	-0,00555099453777075	0,615000009536743	0,902676463127136	0,615000009536743	0,897451281547546	0,615000009536743	0,958021640777588		
42	0,629999995231628	-0,00799967814236879	0,629999995231628	1,81873679161072	0,629999995231628	1,87571811676025	0,629999995231628	1,90950727462769		
43	0,644999980926514	-0,0145303159952164	0,644999980926514	2,91651272773743	0,644999980926514	3,04695677757263	0,644999980926514	3,42490863800049		
44			0,660000026226044	5,00381708145142	0,660000026226044	5,45213460922241				
45			0,675000011920929	9,3227481842041						
